12 0.350262 0.678535 0.187256 0.261469
12 0.551331 0.637987 0.179454 0.209175
13 0.345976 0.226798 0.273082 0.244038
14 0.253860 0.818969 0.031209 0.261469
14 0.579776 0.780130 0.015605 0.156882
15 0.505124 0.503907 0.046814 0.026147
27 0.573747 0.660354 0.085826 0.069725
27 0.649623 0.645052 0.085826 0.069725
28 0.596672 0.839460 0.780235 0.165597
24 0.843450 0.579077 0.152146 0.575232
24 0.759988 0.595908 0.117035 0.575232
24 0.676525 0.612740 0.117035 0.575232
24 0.236449 0.701487 0.117035 0.575232
