12 0.498998 0.499020 0.977161 0.987994
13 0.492073 0.104051 0.343725 0.118797
14 0.099122 0.835813 0.049104 0.277193
14 0.914157 0.827401 0.049104 0.277193
15 0.177139 0.562737 0.088386 0.039599
15 0.501189 0.559392 0.088386 0.039599
15 0.815420 0.556149 0.088386 0.039599
19 0.508720 0.935544 0.962430 0.029699
20 0.153824 0.869901 0.063835 0.108897
20 0.124662 0.885053 0.029462 0.064348
20 0.518243 0.920594 0.044193 0.084148
20 0.836248 0.615339 0.044193 0.084148
27 0.855095 0.575541 0.098207 0.079198
28 0.116626 0.974243 0.196414 0.049499
28 0.902202 0.966135 0.196414 0.049499
