12 0.606824 0.556198 0.232272 0.286157
12 0.472170 0.558150 0.092714 0.286157
12 0.311712 0.582189 0.073195 0.246687
4 0.565860 0.713713 0.055628 0.201296
13 0.603841 0.163445 0.741710 0.236819
14 0.349193 0.714881 0.034158 0.177614
14 0.617526 0.710990 0.034158 0.177614
15 0.478842 0.512655 0.048797 0.029602
27 0.658353 0.587032 0.019519 0.059205
28 0.190381 0.414197 0.322058 0.394699
19 0.511119 0.983938 0.973982 0.019735
24 0.119714 0.515888 0.029278 0.414434
24 0.295350 0.513342 0.029278 0.414434
