12 0.498999 0.499308 0.756476 0.871868
13 0.394011 0.161492 0.266097 0.104834
14 0.283126 0.847601 0.038014 0.244612
14 0.894405 0.719400 0.038014 0.244612
15 0.272859 0.601748 0.068425 0.034945
15 0.515898 0.550776 0.068425 0.034945
15 0.751572 0.501349 0.068425 0.034945
19 0.616587 0.872359 0.745072 0.026208
20 0.332906 0.868725 0.049418 0.096098
20 0.314786 0.886053 0.022808 0.056785
20 0.619978 0.858121 0.034213 0.074257
20 0.782200 0.549037 0.034213 0.074257
27 0.786331 0.512097 0.076028 0.069889
28 0.331269 0.963762 0.152056 0.043681
28 0.920454 0.840195 0.152056 0.043681
