12 0.343576 0.677615 0.190454 0.263756
12 0.548986 0.640007 0.182519 0.211005
13 0.349735 0.221941 0.277746 0.246172
14 0.242276 0.817674 0.031742 0.263756
14 0.574602 0.783832 0.015871 0.158254
15 0.505120 0.504024 0.047614 0.026376
27 0.571260 0.662932 0.087292 0.070335
27 0.648772 0.648740 0.087292 0.070335
28 0.590402 0.843946 0.793560 0.167045
24 0.847410 0.585370 0.154744 0.580263
24 0.762146 0.600981 0.119034 0.580263
24 0.676882 0.616591 0.119034 0.580263
24 0.227307 0.698902 0.119034 0.580263
