12 0.594495 0.560892 0.219263 0.276712
12 0.467643 0.554265 0.087521 0.276712
12 0.314175 0.567288 0.069096 0.238545
4 0.539222 0.710059 0.052513 0.194652
13 0.633444 0.182313 0.700168 0.229003
14 0.335319 0.697495 0.032245 0.171752
14 0.588104 0.710699 0.032245 0.171752
15 0.478755 0.510855 0.046064 0.028625
27 0.639680 0.593854 0.018425 0.057251
28 0.217921 0.397773 0.304020 0.381671
19 0.459008 0.966942 0.919432 0.019084
24 0.140647 0.491281 0.027638 0.400755
24 0.306106 0.499924 0.027638 0.400755
