12 0.606302 0.555067 0.229685 0.284201
12 0.473176 0.557944 0.091681 0.284201
12 0.314800 0.582936 0.072380 0.245001
4 0.567679 0.711785 0.055009 0.199921
13 0.598656 0.165036 0.733448 0.235201
14 0.353448 0.714454 0.033777 0.176400
14 0.618735 0.708720 0.033777 0.176400
15 0.479230 0.512715 0.048253 0.029400
27 0.657623 0.585331 0.019301 0.058800
28 0.192816 0.416944 0.318471 0.392001
19 0.516781 0.980532 0.963133 0.019600
24 0.124156 0.518428 0.028952 0.411601
24 0.297798 0.514676 0.028952 0.411601
