12 0.604923 0.552283 0.223236 0.279545
12 0.475655 0.557451 0.089107 0.279545
12 0.322509 0.584808 0.070348 0.240987
4 0.572043 0.707070 0.053464 0.196646
13 0.585925 0.168879 0.712856 0.231348
14 0.363963 0.713458 0.032829 0.173511
14 0.621561 0.703160 0.032829 0.173511
15 0.480196 0.512869 0.046898 0.028918
27 0.655687 0.581141 0.018759 0.057837
28 0.199059 0.423723 0.309529 0.385580
19 0.530559 0.972237 0.936092 0.019279
24 0.135354 0.524724 0.028139 0.404859
24 0.303964 0.517983 0.028139 0.404859
