12 0.498999 0.499251 0.792233 0.890485
13 0.411618 0.150133 0.278675 0.107072
14 0.250110 0.845143 0.039811 0.249835
14 0.897930 0.740883 0.039811 0.249835
15 0.255691 0.593933 0.071659 0.035691
15 0.513257 0.552480 0.071659 0.035691
15 0.763019 0.512283 0.071659 0.035691
19 0.597221 0.884853 0.780289 0.026768
20 0.300772 0.868848 0.051754 0.098150
20 0.280671 0.885736 0.023886 0.057998
20 0.601711 0.870477 0.035830 0.075843
20 0.791887 0.562251 0.035830 0.075843
27 0.798659 0.524752 0.079621 0.071382
28 0.292752 0.965712 0.159243 0.044613
28 0.917156 0.865221 0.159243 0.044613
