12 0.498999 0.499046 0.951405 0.975881
13 0.481928 0.109087 0.334665 0.117340
14 0.118543 0.837117 0.047809 0.273794
14 0.911728 0.817663 0.047809 0.273794
15 0.187348 0.566372 0.086057 0.039113
15 0.502711 0.558637 0.086057 0.039113
15 0.808517 0.551136 0.086057 0.039113
19 0.519880 0.930005 0.937062 0.029335
20 0.172685 0.870033 0.062152 0.107562
20 0.144693 0.885395 0.028686 0.063559
20 0.528758 0.915111 0.043028 0.083116
20 0.830341 0.609305 0.043028 0.083116
27 0.847646 0.569744 0.095619 0.078227
28 0.139203 0.973585 0.191237 0.048892
28 0.903719 0.954834 0.191237 0.048892
