12 0.327934 0.675469 0.197985 0.269426
12 0.543299 0.644696 0.189736 0.215541
13 0.358985 0.210666 0.288729 0.251464
14 0.215150 0.814652 0.032998 0.269426
14 0.562121 0.792424 0.016499 0.161656
15 0.505099 0.504296 0.049496 0.026943
27 0.565192 0.668917 0.090743 0.071847
27 0.646461 0.657304 0.090743 0.071847
28 0.575278 0.854357 0.824939 0.170637
24 0.856188 0.599989 0.160863 0.592738
24 0.766791 0.612763 0.123741 0.592738
24 0.677394 0.625536 0.123741 0.592738
24 0.206030 0.692887 0.123741 0.592738
