12 0.268182 0.609490 0.192296 0.265052
12 0.476107 0.645221 0.184284 0.212042
13 0.498610 0.193470 0.280432 0.247382
14 0.105708 0.703369 0.032049 0.265052
14 0.428785 0.785955 0.016025 0.159031
15 0.502735 0.505443 0.048074 0.026505
27 0.485335 0.673874 0.088136 0.070681
27 0.563797 0.687357 0.088136 0.070681
28 0.413702 0.846518 0.801235 0.167866
24 0.778186 0.697132 0.156241 0.583115
24 0.691878 0.682301 0.120185 0.583115
24 0.605569 0.667469 0.120185 0.583115
24 0.150489 0.589265 0.120185 0.583115
