12 0.598808 0.539260 0.196471 0.260340
12 0.486567 0.555224 0.078423 0.260340
12 0.356489 0.593769 0.061913 0.224431
4 0.591197 0.685216 0.047054 0.183136
13 0.529902 0.186422 0.627385 0.215454
14 0.410260 0.709127 0.028893 0.161591
14 0.633929 0.677316 0.028893 0.161591
15 0.484452 0.513611 0.041275 0.026932
27 0.647100 0.561549 0.016510 0.053864
28 0.226649 0.455517 0.272417 0.359090
19 0.591127 0.933971 0.823855 0.017955
24 0.184767 0.554411 0.024765 0.377045
24 0.331169 0.533590 0.024765 0.377045
