12 0.498999 0.499319 0.750155 0.868268
13 0.390943 0.163739 0.263874 0.104401
14 0.289013 0.847856 0.037696 0.243602
14 0.893657 0.715382 0.037696 0.243602
15 0.275958 0.603110 0.067853 0.034800
15 0.516359 0.550439 0.067853 0.034800
15 0.749474 0.499365 0.067853 0.034800
19 0.619963 0.869888 0.738846 0.026100
20 0.338623 0.868501 0.049005 0.095701
20 0.320858 0.885899 0.022618 0.056551
20 0.623158 0.855682 0.033927 0.073951
20 0.780403 0.546612 0.033927 0.073951
27 0.784067 0.509793 0.075392 0.069601
28 0.338111 0.963154 0.150785 0.043500
28 0.920900 0.835467 0.150785 0.043500
