12 0.263163 0.625744 0.204304 0.274136
12 0.486541 0.651204 0.195792 0.219309
13 0.473461 0.183689 0.297944 0.255861
14 0.098573 0.731566 0.034051 0.274136
14 0.447875 0.799062 0.017025 0.164482
15 0.503345 0.505468 0.051076 0.027414
27 0.498669 0.680270 0.093639 0.073103
27 0.582963 0.689878 0.093639 0.073103
28 0.436836 0.862401 0.851268 0.173620
24 0.811072 0.688192 0.165997 0.603100
24 0.718349 0.677624 0.127690 0.603100
24 0.625626 0.667056 0.127690 0.603100
24 0.136723 0.611333 0.127690 0.603100
