0 0.500000 0.500000 0.408548 0.401783
1 0.500000 0.500000 0.272366 0.267855
2 0.224945 0.247038 0.127104 0.133928
2 0.720801 0.184382 0.127104 0.133928
2 0.274256 0.771287 0.154340 0.160713
3 0.468365 0.216280 0.163419 0.089285
4 0.221624 0.463246 0.072631 0.107142
4 0.485171 0.367006 0.045394 0.089285
4 0.514829 0.632994 0.045394 0.089285
4 0.762558 0.394894 0.072631 0.107142
4 0.239182 0.784710 0.045394 0.089285
5 0.795182 0.687481 0.199735 0.178570
6 0.690197 0.565879 0.136183 0.089285
7 0.599805 0.739142 0.090789 0.089285
8 0.284497 0.617143 0.108946 0.089285
9 0.500000 0.500000 0.045394 0.178570
10 0.349938 0.384094 0.045394 0.089285
11 0.750932 0.126628 0.054473 0.089285
11 0.146889 0.202954 0.054473 0.089285
11 0.805067 0.776143 0.054473 0.089285
