0 0.500000 0.500000 0.443182 0.441544
1 0.500000 0.500000 0.295454 0.294363
2 0.239358 0.180918 0.137879 0.147181
2 0.780937 0.191400 0.137879 0.147181
2 0.219879 0.759548 0.167424 0.176618
3 0.505224 0.186063 0.177273 0.098121
4 0.205899 0.415798 0.078788 0.117745
4 0.502449 0.352842 0.049242 0.098121
4 0.497551 0.647158 0.049242 0.098121
4 0.796713 0.427233 0.078788 0.117745
4 0.180328 0.768596 0.049242 0.098121
5 0.791325 0.750980 0.216667 0.196242
6 0.695305 0.601917 0.147727 0.098121
7 0.574204 0.776219 0.098485 0.098121
8 0.252195 0.593341 0.118182 0.098121
9 0.500000 0.500000 0.049242 0.196242
10 0.354745 0.349983 0.049242 0.098121
11 0.821304 0.133299 0.059091 0.098121
11 0.161562 0.120530 0.059091 0.098121
11 0.789693 0.849086 0.059091 0.098121
