0 0.500000 0.500000 0.379906 0.368193
1 0.500000 0.500000 0.253270 0.245462
2 0.220731 0.300247 0.118193 0.122731
2 0.672593 0.188122 0.118193 0.122731
2 0.318431 0.772066 0.143520 0.147277
3 0.442554 0.245204 0.151962 0.081821
4 0.239169 0.497460 0.067539 0.098185
4 0.473072 0.380564 0.042212 0.081821
4 0.526928 0.619436 0.042212 0.081821
4 0.732108 0.375142 0.067539 0.098185
4 0.287364 0.788183 0.042212 0.081821
5 0.791349 0.637900 0.185732 0.163641
6 0.682265 0.538851 0.126635 0.081821
7 0.615990 0.706637 0.084423 0.081821
8 0.312560 0.630590 0.101308 0.081821
9 0.500000 0.500000 0.042212 0.163641
10 0.349837 0.411144 0.042212 0.081821
11 0.694685 0.132193 0.050654 0.081821
11 0.144235 0.268782 0.050654 0.081821
11 0.809301 0.717524 0.050654 0.081821
