0 0.500000 0.500000 0.388893 0.379265
1 0.500000 0.500000 0.259262 0.252843
2 0.319385 0.188457 0.120989 0.126422
2 0.786062 0.283677 0.120989 0.126422
2 0.221514 0.674948 0.146915 0.151706
3 0.548481 0.235201 0.155557 0.084281
4 0.257569 0.381862 0.069136 0.101137
4 0.522725 0.375876 0.043210 0.084281
4 0.477275 0.624124 0.043210 0.084281
4 0.766671 0.485739 0.069136 0.101137
4 0.186058 0.676298 0.043210 0.084281
5 0.716675 0.758812 0.190125 0.168562
6 0.654550 0.617375 0.129631 0.084281
7 0.525459 0.745549 0.086421 0.084281
8 0.272724 0.539468 0.103705 0.084281
9 0.500000 0.500000 0.043210 0.168562
10 0.395450 0.349906 0.043210 0.084281
11 0.829092 0.240953 0.051852 0.084281
11 0.260595 0.124957 0.051852 0.084281
11 0.701525 0.841562 0.051852 0.084281
