0 0.500000 0.500000 0.402445 0.394865
1 0.500000 0.500000 0.268297 0.263243
2 0.297455 0.186410 0.125205 0.131622
2 0.784597 0.258726 0.125205 0.131622
2 0.221122 0.697822 0.152035 0.157946
3 0.536597 0.221911 0.160978 0.087748
4 0.243435 0.391032 0.071546 0.105297
4 0.517155 0.369646 0.044716 0.087748
4 0.482845 0.630354 0.044716 0.087748
4 0.774863 0.469923 0.071546 0.105297
4 0.184549 0.701253 0.044716 0.087748
5 0.737122 0.756703 0.196751 0.175495
6 0.665706 0.613200 0.134148 0.087748
7 0.538835 0.753847 0.089432 0.087748
8 0.267135 0.554032 0.107319 0.087748
9 0.500000 0.500000 0.044716 0.175495
10 0.384298 0.349923 0.044716 0.087748
11 0.826887 0.211844 0.053659 0.087748
11 0.233460 0.123749 0.053659 0.087748
11 0.725686 0.843605 0.053659 0.087748
